17379.10
38473.28
22614.04
8514.50
133299.26
39303.04
9732.17
96067.14
136782.20
51357.94
18574.75
89945.64
73425.20
142923.62
17346.00
353207.05
6078.34
71664.34
8540.62
10616.00
27327.30
46528.24
8283.24
34352.00
4291.62
12862.08
15835.16
37161.47
33595.15
8783.36
77932.80
10007.28
145602.60
15449.09
346531.09
39592.74
26039.01
54660.37
6582.91
150258.86
74749.55
33321.29
37718.59
74819.09
17798.13
23760.00
31762.82
8839.48
8401.57
6478.70
67755.99
10115.11
64876.46
19902.72
7895.76
17823.94
61623.86
11157.30
23221.73
26257.91
22061.84
26846.80
71679.79
22204.16
44654.63
18625.37
61707.11
11840.14
52924.10
9653.90
43552.26
30596.30
17106.39
21688.06
3277.69
55777.68
22912.22
7315.84
69897.77
109020.96
24561.12
93472.80
58371.19
10494.73
13092.65
32270.70
12196.70
282044.17
41639.99
31492.61
216562.65
324858.54
12413.66
226027.54
14563.77
13413.04
19523.59
36437.56
26222.77
16609.82
80634.13
18755.90
31432.61
80601.53
64335.87
72260.46
27509.57
65207.68
38792.60
31480.24
2640.60
126319.94
10120.95
17290.32
23086.52
8804.50
111303.00
9427.12
43860.15
143981.96
5039.69
19632.00
17881.30
171912.66
24983.14
4518.26
49671.34
151543.84
17643.50
39834.41
69904.60
8727.49
247370.51
29652.00
143265.30
12673.55
40365.83
9345.93
276739.05
22360.05
102605.86
11049.64
31014.88
18150.72
89340.21
67393.19
2297.72
254168.62
8751.44
111846.91
39187.75
75218.44
22019.25
91788.20
90831.74
33289.54
21948.68
9078.33
64532.02
31505.83
22125.82
36649.08
30735.20
187728.06
35324.86
89198.96
90894.29
355456.02
83249.00
34209.79
49277.31
34213.33
39015.36
107236.01
44935.59
175881.74
32740.87
56113.99
36850.82
93603.52
50002.68
45986.66
377831.44
99507.95
29218.26
67955.44
23933.09
28672.70
7328.15
12985.92
10954.41
29925.55
88954.48
40858.65
34379.04
58714.82
22438.24
47267.90
24069.00
142041.09
10321.20
25643.75
3991.23
80077.00
202495.10
8366.30
59138.73
145928.34
26703.60
27021.11
23342.26
18582.86
10594.35
7978.78
42782.60
11650.39
23452.72
15743.33
220067.74
23297.16
67522.00
27643.09
17632.16
71081.09
19466.50
